image_width: 1024
image_height: 772
camera_name: dash
camera_matrix:
  rows: 3
  cols: 3
  data: [1718.431527372387, 0, 1054.830777144918, 0, 1709.060136032189, 765.4728062498034, 0, 0, 1]
distortion_model: plumb_bob
distortion_coefficients:
  rows: 1
  cols: 5
  data: [-0.2194108522011368, 0.09976001035454601, -0.001938955657576732, -0.000396182679215356, 0]
rectification_matrix:
  rows: 3
  cols: 3
  data: [1, 0, 0, 0, 1, 0, 0, 0, 1]
projection_matrix:
  rows: 3
  cols: 4
  data: [1584.60400390625, 0, 1053.511593638366, 0, 0, 1640.581298828125, 765.7328071734592, 0, 0, 0, 1, 0]